%YAML:1.0
---
camera_matrix0: !!opencv-matrix
   rows: 3
   cols: 3
   dt: d
   data: [ 2.2274929863805050e+02, 0., 1.0965355143024139e+02, 0.,
       2.2263693956710460e+02, 6.8097841463519742e+01, 0., 0., 1. ]
dist_coeffs0: !!opencv-matrix
   rows: 1
   cols: 5
   dt: d
   data: [ -2.0511080961159714e-01, 1.0747385124242068e-01,
       2.9893799406257248e-04, 9.3919302880391938e-04,
       1.2847321362626965e-02 ]
camera_matrix1: !!opencv-matrix
   rows: 3
   cols: 3
   dt: d
   data: [ 2.2210825588691125e+02, 0., 1.2959870139376451e+02, 0.,
       2.2195735327459698e+02, 1.0038124556048798e+02, 0., 0., 1. ]
dist_coeffs1: !!opencv-matrix
   rows: 1
   cols: 5
   dt: d
   data: [ -1.8394643111564657e-01, -5.1475469744931349e-02,
       -2.3748247915851908e-03, -4.3997473264805647e-03,
       6.4253551185698832e-01 ]
R: !!opencv-matrix
   rows: 3
   cols: 3
   dt: d
   data: [ 8.6490269419705756e-01, 2.8793201329754426e-02,
       5.0111304226477205e-01, 1.7867703353803738e-02,
       9.9595446341193650e-01, -8.8065044068018697e-02,
       -5.0162144566149824e-01, 8.5121433064921023e-02,
       8.6088923032260234e-01 ]
T: !!opencv-matrix
   rows: 3
   cols: 1
   dt: d
   data: [ -2.0922818033284479e+01, 2.0066159305805025e+00,
       7.1759366919667817e+00 ]
E: !!opencv-matrix
   rows: 3
   cols: 3
   dt: d
   data: [ -1.1347790920829224e+00, -6.9761001539038903e+00,
       2.3594232250378884e+00, -4.2888472508990345e+00,
       1.9875984446511188e+00, 2.1608184179665017e+01,
       -2.1093702305221549e+00, -2.0895950903886128e+01,
       8.3702747849818171e-01 ]
F: !!opencv-matrix
   rows: 3
   cols: 3
   dt: d
   data: [ 4.4683405766845346e-06, 2.7483166629924479e-05,
       -4.4309742187245505e-03, 1.6899376646680030e-05,
       -7.8357013796783559e-06, -2.0285001004321158e-02,
       -4.3065816222810101e-04, 1.5509182816842753e-02, 1. ]
