%YAML:1.0
---
camera_matrix_laser: !!opencv-matrix
   rows: 3
   cols: 3
   dt: f
   data: [ 2.75357666e+02, 0., 1.09549896e+02, 0., 2.56850647e+02,
       7.52594376e+01, 0., 0., 1. ]
dist_coeffs_laser: !!opencv-matrix
   rows: 1
   cols: 5
   dt: f
   data: [ -2.05529213e-01, -1.76673305e+00, 9.10165813e-03,
       -6.68592192e-03, 3.94868827e+00 ]
R1: !!opencv-matrix
   rows: 3
   cols: 3
   dt: d
   data: [ 9.6705761696513715e-01, 3.0093257873355161e-02,
       2.5277254854963577e-01, -2.9949301489343789e-02,
       9.9954165499661640e-01, -4.4180614442744679e-03,
       -2.5278964537735843e-01, -3.2978412928372038e-03,
       9.6751564299126280e-01 ]
T1: !!opencv-matrix
   rows: 3
   cols: 1
   dt: d
   data: [ -8.8912954798458219e-02, -5.1575396542583715e-03,
       3.1328631557223700e-02 ]
F1: !!opencv-matrix
   rows: 3
   cols: 3
   dt: d
   data: [ -8.0828042233080706e-06, 1.1286275529131752e-04,
       -2.3166359684809825e-03, -3.0224488827763699e-05,
       -2.5111919610370430e-06, -7.7532649306052789e-02,
       -4.4344731568157023e-03, 7.5919282541280289e-02, 1. ]
R2: !!opencv-matrix
   rows: 3
   cols: 3
   dt: d
   data: [ 9.8058532813090360e-01, 2.0438750144595494e-02,
       -1.9502479777437240e-01, -1.0843599514866610e-02,
       9.9868327493552267e-01, 5.0141127965178903e-02,
       1.9579282572139675e-01, -4.7052883616055446e-02,
       9.7951579647264742e-01 ]
T2: !!opencv-matrix
   rows: 3
   cols: 1
   dt: d
   data: [ 1.0291301183494908e-01, -7.1238901212886162e-03,
       1.8224725564582375e-02 ]
F2: !!opencv-matrix
   rows: 3
   cols: 3
   dt: d
   data: [ 1.1565856503496049e-06, 1.7267671111563053e-05,
       -2.3207023628910644e-04, 2.3600765976626574e-06,
       -5.4035075736689191e-06, 2.4411129606266024e-02,
       -1.8657600463827047e-03, -2.8877271821706067e-02, 1. ]
