%YAML:1.0
---
camera_matrix0: !!opencv-matrix
   rows: 3
   cols: 3
   dt: f
   data: [ 2.24342224e+02, 0., 1.12261131e+02, 0., 2.23923065e+02,
       6.42854004e+01, 0., 0., 1. ]
dist_coeffs0: !!opencv-matrix
   rows: 1
   cols: 5
   dt: f
   data: [ -3.16703618e-01, 5.75008333e-01, 5.49327256e-03,
       7.07006897e-04, -5.73095083e-01 ]
camera_matrix1: !!opencv-matrix
   rows: 3
   cols: 3
   dt: f
   data: [ 2.20300766e+02, 0., 1.35183075e+02, 0., 2.19854172e+02,
       1.02376198e+02, 0., 0., 1. ]
dist_coeffs1: !!opencv-matrix
   rows: 1
   cols: 5
   dt: f
   data: [ -1.83889225e-01, -1.98476221e-02, -2.27275677e-03,
       -2.15700522e-04, 2.87594229e-01 ]
R: !!opencv-matrix
   rows: 3
   cols: 3
   dt: d
   data: [ 8.9564625278292243e-01, 1.3263494745041758e-02,
       4.4456930796340144e-01, -7.2022751190370989e-04,
       9.9959718946702258e-01, -2.8371465981868890e-02,
       -4.4476653555347501e-01, 2.5090606146075792e-02,
       8.9529502977229913e-01 ]
T: !!opencv-matrix
   rows: 3
   cols: 1
   dt: d
   data: [ -1.8926634043174928e-01, -2.8701274840881048e-03,
       3.9794205999063310e-02 ]
F: !!opencv-matrix
   rows: 3
   cols: 3
   dt: d
   data: [ -6.0172290065546898e-07, 1.8406146651418249e-05,
       -9.6670131392535353e-04, 2.2422379843196657e-05,
       -2.4421334385885361e-06, -2.1754748634695755e-02,
       -2.4891000489760990e-03, 1.7008660011620533e-02, 1. ]
