%YAML:1.0
---
camera_matrix0: !!opencv-matrix
   rows: 3
   cols: 3
   dt: f
   data: [ 2.22923065e+02, 0., 1.07482605e+02, 0., 2.22858292e+02,
       6.27703171e+01, 0., 0., 1. ]
dist_coeffs0: !!opencv-matrix
   rows: 1
   cols: 5
   dt: f
   data: [ -2.75527000e-01, 3.84217650e-01, 3.51123745e-03,
       2.49962136e-03, -4.04586554e-01 ]
camera_matrix1: !!opencv-matrix
   rows: 3
   cols: 3
   dt: f
   data: [ 2.23538391e+02, 0., 1.30735748e+02, 0., 2.23434784e+02,
       1.03381157e+02, 0., 0., 1. ]
dist_coeffs1: !!opencv-matrix
   rows: 1
   cols: 5
   dt: f
   data: [ -2.42901325e-01, 3.68196368e-01, -2.18679989e-03,
       -6.65628759e-04, -3.82161051e-01 ]
R: !!opencv-matrix
   rows: 3
   cols: 3
   dt: d
   data: [ 8.9667230720890123e-01, 1.8143659528031895e-02,
       4.4232293757343938e-01, 1.7965371785201908e-03,
       9.9900241489102792e-01, -4.4620034693628963e-02,
       -4.4269125351516952e-01, 4.0804199058740442e-02,
       8.9574520450870543e-01 ]
T: !!opencv-matrix
   rows: 3
   cols: 1
   dt: d
   data: [ -1.8710137008329991e-01, -2.6100599380650832e-03,
       5.0716012350455052e-02 ]
F: !!opencv-matrix
   rows: 3
   cols: 3
   dt: d
   data: [ -5.0863434328832848e-07, 2.4270354113819613e-05,
       -1.4607987222230469e-03, 1.7858594754754145e-05,
       -4.0912726418948694e-06, -2.1916186896188006e-02,
       -1.9938505099275023e-03, 1.7218120233116935e-02, 1. ]
