<?xml version="1.0"?>
<opencv_storage>
<camera_calib>
  <_>
    <camera_matrix type_id="opencv-matrix">
      <rows>3</rows>
      <cols>3</cols>
      <dt>d</dt>
      <data>
      262.22137446   0.         113.10617926
        0.         261.82876628  84.84959776
        0.           0.           1.
      </data></camera_matrix>
    <dist_coeffs type_id="opencv-matrix">
      <rows>1</rows>
      <cols>5</cols>
      <dt>d</dt>
      <data>
      -0.33244077  0.49311368 -0.00729379  0.00613578 -0.31249735
      </data></dist_coeffs>
    <resolution>
      240 180
    </resolution>
    <use_complex_distortion_model>0</use_complex_distortion_model></_>
  <_>
    <camera_matrix type_id="opencv-matrix">
      <rows>3</rows>
      <cols>3</cols>
      <dt>d</dt>
      <data>
      217.31004317   0.         132.21438112
       0.         217.17987715  91.64092009
       0.           0.           1.
      </data></camera_matrix>
    <dist_coeffs type_id="opencv-matrix">
      <rows>1</rows>
      <cols>5</cols>
      <dt>d</dt>
      <data>
      -2.83063173e-01  1.04866283e+00  4.99412789e-04 -5.15836264e-03
        -1.86750662e+00
      </data>
    </dist_coeffs>
    <resolution>
      240 180
    </resolution>
    <use_complex_distortion_model>0</use_complex_distortion_model></_></camera_calib>
<R type_id="opencv-matrix">
  <rows>3</rows>
  <cols>3</cols>
  <dt>d</dt>
  <data>
  0.89944779 -0.03587966  0.43555289
  0.00416708  0.99728296  0.07354812
  -0.43700836 -0.06433771  0.89715347
  </data>
</R>
<T type_id="opencv-matrix">
  <rows>3</rows>
  <cols>1</cols>
  <dt>d</dt>
  <data>
  -28.05697357
  -0.28609667
  -0.87794076
  </data>
</T>
<E type_id="opencv-matrix">
  <rows>3</rows>
  <cols>3</cols>
  <dt>d</dt>
  <data>
  0.12868509   0.89396216  -0.19210173
  -13.05079383  -1.77362112  24.78902165
  0.14041327 -27.99100681  -1.93892736
  </data>
</E>
<F type_id="opencv-matrix">
  <rows>3</rows>
  <cols>3</cols>
  <dt>d</dt>
  <data>
  -3.97623252e-07 -2.76639006e-06  4.35348506e-04
   4.03497355e-05  5.49180801e-06 -2.51267824e-02
  -3.73939797e-03  1.86856449e-02  1.00000000e+00
  </data>
</F>
<err>0.03674026423900108</err>
</opencv_storage>
