<?xml version="1.0"?>
<opencv_storage>
<camera_calib>
  <_>
    <camera_matrix type_id="opencv-matrix">
      <rows>3</rows>
      <cols>3</cols>
      <dt>d</dt>
      <data>
        225.26321494 0. 111.61633038
        0. 224.97348307 65.2789957
        0. 0. 1.
      </data></camera_matrix>
    <dist_coeffs type_id="opencv-matrix">
      <rows>1</rows>
      <cols>5</cols>
      <dt>d</dt>
      <data>
      -0.26505688 0.44960878 0.00287526 0.00124678 -0.59398206
      </data></dist_coeffs>
    <resolution>
      240 180
    </resolution>
    <use_complex_distortion_model>0</use_complex_distortion_model></_>
  <_>
    <camera_matrix type_id="opencv-matrix">
      <rows>3</rows>
      <cols>3</cols>
      <dt>d</dt>
      <data>
        220.26945729 0. 138.83330862
        0. 219.49072979 100.92671532
        0. 0. 1.
      </data></camera_matrix>
    <dist_coeffs type_id="opencv-matrix">
      <rows>1</rows>
      <cols>5</cols>
      <dt>d</dt>
      <data>
        -0.20303481 0.25762068 0.00036437 0.0017144 -0.25166511
      </data>
    </dist_coeffs>
    <resolution>
      240 180
    </resolution>
    <use_complex_distortion_model>0</use_complex_distortion_model></_></camera_calib>
<R type_id="opencv-matrix">
  <rows>3</rows>
  <cols>3</cols>
  <dt>d</dt>
  <data>
    0.95705347 0.01645368 0.28944419
    -0.00126817 0.99861623 -0.05257389
    -0.2899087 0.04994896 0.95574999
  </data>
</R>
<T type_id="opencv-matrix">
  <rows>3</rows>
  <cols>1</cols>
  <dt>d</dt>
  <data>
    -22.34022764
    0.0881974
    2.15291286
  </data>
</T>
<E type_id="opencv-matrix">
  <rows>3</rows>
  <cols>3</cols>
  <dt>d</dt>
  <data>
    -0.02283894  -2.14552836   0.19748167
    -4.4161737    1.15129458  21.97482049
    -0.05607848 -22.31076511   1.14898456
  </data>
</E>
<F type_id="opencv-matrix">
  <rows>3</rows>
  <cols>3</cols>
  <dt>d</dt>
  <data>
    1.20163280e-07 1.13028785e-05 -9.85305048e-04
    2.33173987e-05 -6.08666440e-06 -2.83418996e-02
    -2.30504115e-03 2.49345839e-02 1.00000000e+00
  </data>
</F>
<err>2.0034886627006038e-01</err>
</opencv_storage>
