%YAML:1.0
---
camera_matrix0: !!opencv-matrix
   rows: 3
   cols: 3
   dt: f
   data: [ 2.23588562e+02, 0., 1.10488174e+02, 0., 2.23530167e+02,
       6.52380676e+01, 0., 0., 1. ]
dist_coeffs0: !!opencv-matrix
   rows: 1
   cols: 5
   dt: f
   data: [ -2.52004117e-01, 1.37921765e-01, 2.60126474e-03,
       3.88137950e-03, 1.72273174e-01 ]
camera_matrix1: !!opencv-matrix
   rows: 3
   cols: 3
   dt: f
   data: [ 2.21302658e+02, 0., 1.33842697e+02, 0., 2.21220352e+02,
       1.04368134e+02, 0., 0., 1. ]
dist_coeffs1: !!opencv-matrix
   rows: 1
   cols: 5
   dt: f
   data: [ -2.10264400e-01, 9.11172852e-02, -3.00779985e-03,
       6.08650444e-04, 1.50482267e-01 ]
R: !!opencv-matrix
   rows: 3
   cols: 3
   dt: d
   data: [ 8.9763274798090409e-01, 1.4084640133488192e-02,
       4.4051909455159938e-01, 3.0401927213005121e-03,
       9.9926761584632473e-01, -3.8144320009920733e-02,
       -4.4073371436783476e-01, 3.5578853735217804e-02,
       8.9693251596004697e-01 ]
T: !!opencv-matrix
   rows: 3
   cols: 1
   dt: d
   data: [ -1.8858526774582310e-01, -2.5381910088058150e-03,
       4.4807398534073874e-02 ]
F: !!opencv-matrix
   rows: 3
   cols: 3
   dt: d
   data: [ -4.6251831362379610e-07, 2.1127178564669696e-05,
       -1.2674638870269603e-03, 2.0201922673443689e-05,
       -3.4580918729224050e-06, -2.1896445479930318e-02,
       -2.2241717760905157e-03, 1.7168097348291757e-02, 1. ]
