<?xml version="1.0"?>
<opencv_storage>
<camera_calib>
  <_>
    <camera_matrix type_id="opencv-matrix">
      <rows>3</rows>
      <cols>3</cols>
      <dt>d</dt>
      <data>

        5.77986013e+02 0.00000000e+00 9.22124047e+01
        0.00000000e+00 4.76261520e+03 3.01889865e+02
        0.00000000e+00 0.00000000e+00 1.00000000e+00
      </data></camera_matrix>
    <dist_coeffs type_id="opencv-matrix">
      <rows>1</rows>
      <cols>5</cols>
      <dt>d</dt>
      <data>
        -5.62807601e+01  1.21824795e+04
        9.02641448e-01  2.55153849e-01
        -5.26808992e+05
      </data></dist_coeffs>
    <resolution>
      240 180</resolution>
    <use_complex_distortion_model>0</use_complex_distortion_model></_>
  <_>
    <camera_matrix type_id="opencv-matrix">
      <rows>3</rows>
      <cols>3</cols>
      <dt>d</dt>
      <data>
      157.76683047   0.          75.05548953
      0.          29.13054603  89.68980028
      0.           0.           1.
      </data></camera_matrix>
    <dist_coeffs type_id="opencv-matrix">
      <rows>1</rows>
      <cols>5</cols>
      <dt>d</dt>
      <data>
        -4.15581481e-01  1.09961197e-02
        1.37257445e-01  1.36520265e-03
        -3.41444823e-05</data></dist_coeffs>
    <resolution>
      240 180</resolution>
    <use_complex_distortion_model>0</use_complex_distortion_model></_></camera_calib>
<R type_id="opencv-matrix">
  <rows>3</rows>
  <cols>3</cols>
  <dt>d</dt>
  <data>
    9.8995858487635191e-01 1.0008046916608535e-02 1.4100297594918235e-01
    -7.2638034565671479e-03 9.9977432091769869e-01
    -1.9963576655971454e-02 -1.4117095093876467e-01
    1.8738896191330151e-02 9.8980786841718704e-01</data></R>
<T type_id="opencv-matrix">
  <rows>3</rows>
  <cols>1</cols>
  <dt>d</dt>
  <data>
    -2.0437981218502520e+02 -1.8602970948657900e+00
    3.3744331983916283e+01</data></T>
<E type_id="opencv-matrix">
  <rows>3</rows>
  <cols>3</cols>
  <dt>d</dt>
  <data>
    5.0773210521514534e-01 -3.3771576508187003e+01
    -1.1676791438263312e+00 4.5529986995494518e+00
    4.1675669418033880e+00 2.0705479747751420e+02 3.3261918656850566e+00
    -2.0431506999596610e+02 4.3424594740144942e+00</data></E>
<F type_id="opencv-matrix">
  <rows>3</rows>
  <cols>3</cols>
  <dt>d</dt>
  <data>
    -3.5051657514809191e-07 2.3312566731866832e-05
    -1.3776406895962623e-03 -3.1443522119711960e-06
    -2.8779355859389964e-06 -3.1654441290451793e-02
    -1.6724530236805518e-04 2.9332348012801601e-02 1.</data></F>
<err>2.0034886627006038e-01</err>
</opencv_storage>
