%YAML:1.0
---
camera_matrix_laser: !!opencv-matrix
   rows: 3
   cols: 3
   dt: f
   data: [ 2.61176392e+02, 0., 1.18347443e+02, 0., 2.41597488e+02,
       1.08290268e+02, 0., 0., 1. ]
dist_coeffs_laser: !!opencv-matrix
   rows: 1
   cols: 5
   dt: f
   data: [ 2.53697515e-01, -9.35853577e+00, -1.05466712e-02,
       -8.03105161e-03, 3.84513893e+01 ]
R1: !!opencv-matrix
   rows: 3
   cols: 3
   dt: d
   data: [ 9.6740100434110532e-01, 3.2140287231367380e-02,
       2.5120170926270796e-01, -2.8251748217427829e-03,
       9.9322194629197280e-01, -1.1619889754731817e-01,
       -2.5323371652891608e-01, 1.1170124144641704e-01,
       9.6093471030673139e-01 ]
T1: !!opencv-matrix
   rows: 3
   cols: 1
   dt: d
   data: [ -9.6750835369984273e-02, -7.5559638748476307e-03,
       9.7446887795180868e-03 ]
F1: !!opencv-matrix
   rows: 3
   cols: 3
   dt: d
   data: [ -5.5143927401091940e-06, 2.9951560568978391e-05,
       2.5997183236659417e-03, 4.6295552477040817e-05,
       -3.4218085308092537e-05, -6.8743582230831074e-02,
       -9.9874762283985990e-03, 7.1418260559590344e-02, 1. ]
R2: !!opencv-matrix
   rows: 3
   cols: 3
   dt: d
   data: [ 9.7605209089103229e-01, 2.2641784547227147e-02,
       -2.1635541467631689e-01, -4.0456993223978735e-02,
       9.9611086008776972e-01, -7.8271234272104695e-02,
       2.1374177777523753e-01, 8.5149891413440482e-02,
       9.7317210627193806e-01 ]
T2: !!opencv-matrix
   rows: 3
   cols: 1
   dt: d
   data: [ 1.0102611095880080e-01, -9.2011976967858265e-03,
       1.0452817151545914e-02 ]
F2: !!opencv-matrix
   rows: 3
   cols: 3
   dt: d
   data: [ 1.4301555750182133e-06, 1.0392625461904802e-05,
       4.0318392051741164e-04, 1.1407709086129128e-05,
       8.3949768251752886e-06, 1.9788173984711947e-02,
       -2.5886227747147976e-03, -2.6587382358337013e-02, 1. ]
