%YAML:1.0
---
camera_matrix_laser: !!opencv-matrix
   rows: 3
   cols: 3
   dt: f
   data: [ 2.67919983e+02, 0., 1.01012062e+02, 0., 2.48970154e+02,
       7.83070602e+01, 0., 0., 1. ]
dist_coeffs_laser: !!opencv-matrix
   rows: 1
   cols: 5
   dt: f
   data: [ -1.15306735e-01, -2.18311143e+00, 5.03092911e-03,
       -6.21078652e-05, 4.04232168e+00 ]
R1: !!opencv-matrix
   rows: 3
   cols: 3
   dt: d
   data: [ 9.5470957438801562e-01, 2.7096983636938143e-02,
       2.9630285528430805e-01, -2.7887992223327506e-02,
       9.9960984100004935e-01, -1.5574548493249756e-03,
       -2.9622945238717519e-01, -6.7763746675909104e-03,
       9.5509276632417173e-01 ]
T1: !!opencv-matrix
   rows: 3
   cols: 1
   dt: d
   data: [ -8.7702440652267996e-02, -4.4367054824030819e-03,
       2.6831269284993395e-02 ]
F1: !!opencv-matrix
   rows: 3
   cols: 3
   dt: d
   data: [ -5.5787270387933485e-06, 7.2481649482904144e-05,
       -1.5748222826860515e-03, 1.0594022536801221e-06,
       -3.8646410767138113e-07, -5.9778010589319280e-02,
       -4.3613444969463067e-03, 5.6167967251199991e-02,
       9.9999999999999989e-01 ]
R2: !!opencv-matrix
   rows: 3
   cols: 3
   dt: d
   data: [ 9.8822337356943724e-01, 1.7967959313080199e-02,
       -1.5195958794746700e-01, -1.0869893517850473e-02,
       9.9881624237507916e-01, 4.7412650027578655e-02,
       1.5263161319317520e-01, -4.5202504420115440e-02,
       9.8724886642031573e-01 ]
T2: !!opencv-matrix
   rows: 3
   cols: 1
   dt: d
   data: [ 1.0460595976448674e-01, -6.4842691143448894e-03,
       9.6117742903926977e-03 ]
F2: !!opencv-matrix
   rows: 3
   cols: 3
   dt: d
   data: [ 9.6977011956146377e-07, 1.0199989711854777e-05,
       4.6812441837894433e-04, 7.6245745405814782e-06,
       -5.7800650108384718e-06, 2.6906599119443347e-02,
       -2.2420535106381532e-03, -3.1289665755316470e-02, 1. ]
