%YAML:1.0
---
camera_matrix_laser: !!opencv-matrix
   rows: 3
   cols: 3
   dt: d
   data: [ 1.3390450804592140e+03, 0., 1.2282116081811053e+02, 0.,
       1.2952677672449513e+03, 8.4368326117128902e+01, 0., 0., 1. ]
dist_coeffs_laser: !!opencv-matrix
   rows: 1
   cols: 5
   dt: d
   data: [ -5.2481099086247347e+01, 3.2720140066191416e+03,
       5.9374070755673171e-02, -4.1921416125335308e-02,
       -6.6037698998313004e+04 ]
R0: !!opencv-matrix
   rows: 3
   cols: 3
   dt: d
   data: [ 9.2737767026288898e-01, -5.3308748603770380e-03,
       -3.7408854362436617e-01, -1.5388250753876032e-02,
       9.9850881258324808e-01, -5.2377026761050022e-02,
       3.7380992287058423e-01, 5.4329853366403599e-02,
       9.2591274351132724e-01 ]
T0: !!opencv-matrix
   rows: 3
   cols: 1
   dt: d
   data: [ 7.7069122138052633e+00, -4.6914753413535202e+00,
       1.3958901038742650e+02 ]
E0: !!opencv-matrix
   rows: 3
   cols: 3
   dt: d
   data: [ 3.9431065882651772e-01, -1.3963574417898775e+02,
       2.9673605281823487e+00, 1.2657081098718091e+02,
       -1.1628469567430262e+00, -5.9354577833684289e+01,
       4.2321735744760733e+00, 7.6704100953347245e+00,
       -2.1586923251641061e+00 ]
F0: !!opencv-matrix
   rows: 3
   cols: 3
   dt: d
   data: [ -4.6243970271358559e-07, 1.6384467158001714e-04,
       -1.1881941559904210e-02, -1.5345668041254453e-04,
       1.4105676481842844e-06, 3.2760617701472781e-02,
       6.3574521781932592e-03, -3.2294332959766740e-02, 1. ]
R1: !!opencv-matrix
   rows: 3
   cols: 3
   dt: d
   data: [ 9.4372028126601948e-01, 7.3686228599187456e-02,
       3.2243196250063877e-01, -1.1268897407597026e-02,
       9.8146421807579820e-01, -1.9131387975805417e-01,
       -3.3055263223638398e-01, 1.7691333570901444e-01,
       9.2705805048546308e-01 ]
T1: !!opencv-matrix
   rows: 3
   cols: 1
   dt: d
   data: [ -5.3098664816988848e+00, 4.4406427156560095e+00,
       1.5170107581836078e+02 ]
E1: !!opencv-matrix
   rows: 3
   cols: 3
   dt: d
   data: [ 2.4163772153778718e-01, -1.4810356884380619e+02,
       3.3139254957159864e+01, 1.4140819159731186e+02,
       1.2117666342941238e+01, 5.3835830058434134e+01,
       -4.1308882519904868e+00, -5.5386581688206311e+00,
       -4.1595398796207061e-01 ]
F1: !!opencv-matrix
   rows: 3
   cols: 3
   dt: d
   data: [ -3.3211367295781168e-07, 2.0369609898835379e-04,
       -3.0520707528247017e-02, -2.0092419268500665e-04,
       -1.7229466031959561e-05, 1.0779014056285204e-02,
       2.4595002619696878e-02, -1.3364176084066875e-02, 1. ]
