%YAML:1.0
---
camera_matrix_laser: !!opencv-matrix
   rows: 3
   cols: 3
   dt: d
   data: [ 1.1583,     0.0000,     0.5580,
           0.0000,     1.2473,     0.6072,
           0.0000,     0.0000,     0.0010 ]
dist_coeffs_laser: !!opencv-matrix
   rows: 1
   cols: 5
   dt: d
   data: [ -0.2223,     0.1958,    -0.0042,     0.0000,    -0.0459]
R0: !!opencv-matrix
   rows: 3
   cols: 3
   dt: d
   data: [ 0.9995,     0.0273,     0.0180,
          -0.0263,     0.9982,    -0.0530,
          -0.0194,     0.0525,     0.9984 ]
T0: !!opencv-matrix
   rows: 3
   cols: 1
   dt: d
   data: [ -79.3647,
           -12.8743,
           -52.0512 ]
E0: !!opencv-matrix
   rows: 3
   cols: 3
   dt: d
   data: [ 4.2448118942151882e+02, -1.7254402533431951e+03,
       -8.1630852088875292e+02, 1.8005879829607409e+03,
       6.4309967855558989e+02, -3.9781251699527184e+02,
       1.7681460718152550e+02, -5.9729418793508394e+01,
       -8.6364544024138695e+01 ]
F0: !!opencv-matrix
   rows: 3
   cols: 3
   dt: d
   data: [ -2.5520901924212103e-05, 1.0379026395795363e-04,
       6.6627816016184213e-03, -9.9813413484537165e-05,
       -3.5667442938123079e-05, 1.8285895465581663e-02,
       -6.0305356758890826e-03, -8.1090868809024150e-03, 1. ]
R1: !!opencv-matrix
   rows: 3
   cols: 3
   dt: d
   data: [ 0.9955,     0.0227,    -0.0917,
          -0.0273,     0.9984,    -0.0487,
           0.0904,     0.0509,     0.9946 ]
T1: !!opencv-matrix
   rows: 3
   cols: 1
   dt: d
   data: [ 85.2512,
          -8.4206,
           10.2283 ]
E1: !!opencv-matrix
   rows: 3
   cols: 3
   dt: d
   data: [ 2.7132441790555276e+02, -1.8282798877935716e+03,
       2.4444116463503701e+02, 1.1967689473551418e+03,
       3.7254193055713057e+02, 1.3791659517122710e+03,
       1.1225892135453708e+02, -1.0275919403563786e+02,
       1.2445559370204867e+02 ]
F1: !!opencv-matrix
   rows: 3
   cols: 3
   dt: d
   data: [ 3.4194470949307436e-05, -2.3057109124440743e-04,
       2.5555816422067335e-02, 1.3906387046263899e-04,
       4.3318591366299599e-05, 1.3223820001353465e-02,
       -1.6633471961930086e-04, -1.1037999201778153e-02, 1. ]
